0 139.008
1 120.696
2 121.408
3 121.217
4 121.023
5 121.926
6 120.992
7 120.975
8 121.279
9 120.67
10 119.856
11 119.684
12 120.241
13 120.013
14 121.24
15 120.961
16 119.999
17 119.761
18 120.927
0 121.296
1 120.895
2 119.707
3 121.812
4 120.987
5 120.82
6 120.583
7 120.736
8 121.709
9 120.457
10 120.028
11 121.042
12 128.16
13 125.716
14 128.213
15 128.527
16 127.677
17 127.744
18 127.505
0 129.409
1 127.711
2 127.401
3 127.649
4 127.358
5 128.786
6 129.014
7 127.843
8 127.797
9 128.883
10 129.628
11 129.51
12 127.78
13 122.25
14 120.94
15 120.974
16 121.191
17 121.104
18 121.958
